0.249968567955
0.185198344599
0.336172888452
1.48263674655
2.51422406402
2.01761859529
0.537921934007
2.74394883586
0.674667791904
4.1189814175
0.32448694395
0.172764424587
0.54187130829
1.87828872118
1.30769786829
3.84300102093
1.37587878335
1.22607881606
0.0277603443729
4.92391558868
0.274166331278
0.202512605644
14.6349785458
1.58752211382
2.41944616455
0.602002660728
4.1200367238
0.543765282326
1.27199858046
2.43490686655
1.21467705848
1.14448528484
0.414917352402
1.91576972966
5.44334101513
1.33541675071
0.0272482152358
3.0842361276
0.572302708498
3.95423417187
2.30971636992
1.06774430659
0.456933175021
2.65942277633
1.23048517702
2.03317372655
1.10760925549
0.345898376122
4.53574323106
0.102271596848
0.0674484072173
3.38767968856
1.70619677323
4.58722243595
0.650369679356
0.849205101852
5.19133414535
2.95641152496
0.0407804192958
3.13067981973
0.0965555776007
2.91740585474
0.29000535328
6.54522811154
2.05571226074
0.861887100803
5.03791126896
1.68166552273
0.346697150588
1.81761694827
4.25933921114
6.3028052288
0.0299465667343
0.370111345191
1.80562838409
0.16523358716
2.0396690794
2.49554386171
1.47180812742
1.22347612406
0.480722486547
2.56568806332
0.266880669334
2.32053538377
1.49766228569
1.99346259097
3.18596281052
0.646022498636
0.689989183634
1.58074536536
2.38438013195
0.356098770023
0.604740731616
5.17844482525
2.91230004726
2.26196573978
0.746479527486
1.18708522004
3.79223535245
0.937999328675
1.49936505454
1.37904474994
0.0799751138364
0.841900612003
0.0140074247259
0.61654856939
7.39204520877
5.94001531878
3.15794749988
0.156100362026
0.891179798652
3.30056392333
1.2755118728
0.0132117789319
3.22537853154
0.817737682387
1.09034617609
8.93479905946
1.3822701969
5.60553743791
5.61401845612
0.371924204233
0.0814649345591
3.54127679171
0.312609504
1.03413647223
2.25452044522
1.77904350928
0.89102549491
0.780101557834
0.238390658624
5.02426027594
1.53849472906
1.99564385358
0.799407315378
5.93354463788
3.01516512426
0.634799590375
1.00973501778
5.92539365461
1.71004620278
1.66283429906
0.14143463604
5.14219324333
4.55343414882
0.999979810524
2.73307782347
1.96313899608
0.0525642692335
0.93002235675
3.2080338803
2.85421813333
0.0239802059456
1.25881185424
3.36290498021
1.66751179974
0.640140011413
0.653740024127
1.19751377278
0.0696864150782
0.570479990416
3.37480212006
0.281113128464
0.411786144603
2.99281518826
3.43898786041
0.0334609938985
2.90626529195
7.81022548834
0.632123500456
0.0232972627735
2.37561399919
6.04294816967
11.9296157585
2.75269669762
1.85011106629
2.33400058892
0.378612259725
1.21751638703
0.431761992311
0.678313846044
2.3778927097
0.211507045806
1.00014459606
0.341717182121
0.273306073306
3.02753057945
2.91889513129
2.40530213116
1.08975767158
7.91084889159
0.547520441514
3.0001283668
7.75849252651
0.279604972994
0.0014865009017
1.54872210392
0.44171503376
0.928000309727
0.499192140671
0.942446616148
2.12228155268
4.72856557734
0.143686786956
1.41405054604
0.222363947521
1.60359841836
0.40924745101
4.23693189174
6.16781279039
5.58291618705
0.332843530762
2.21263889689
2.69096801678
0.480587303221
1.49250699878
1.54287910908
0.162118749391
1.42541153814
3.80301854942
5.54692833978
4.56559141265
6.72727990715
5.63601403022
0.0721102576211
0.126492241988
0.909726841227
0.834145434027
0.717323177751
1.18179176944
2.3654838928
1.7601673481
3.51863429531
1.76415017071
2.6198569545
3.49645725579
0.660780673244
2.25415006333
2.10857958454
1.94967943202
5.06693813179
1.5897856433
4.71449588171
4.74058071707
0.126040650169
1.81151946091
9.46857184313
1.49796531959
0.446315443157
0.00493511235907
3.08636751085
0.875136788094
0.749584907136
1.76974444798
0.301809349088
9.4912399819
3.26103427278
5.29416116646
0.781647375682
0.1893984301
0.918494329066
0.00380735221394
2.11708828065
5.12558222072
0.181096207339
0.904815412551
0.313668394159
0.0833755018655
8.57392091762
4.0425863899
11.5457374117
0.205047863202
0.939117557231
0.342141274583
2.05841317243
2.88933432203
0.21102335929
11.3761881189
6.42489866705
2.67654899634
3.35517443329
2.17395631887
0.715100670917
1.26530123855
0.0566518379542
4.19434078433
3.42023528651
2.0744624787
0.626261057003
2.53082016759
0.0440187860807
3.78447882323
3.18339995907
1.93800096725
0.990436502884
1.1604869516
6.16084476521
2.87293216327
8.42549945465
1.17683179172
6.01288573291
2.70892051166
2.07693030092
1.55039415503
0.612918010606
0.740313987981
7.39910312245
0.567804744422
2.79218849289
2.38057837605
3.66491878569
2.52799488821
3.11399197998
3.59153999682
7.15095655639
2.35571289044
1.32464076611
1.33514232827
1.27562385796
0.130481336863
0.700164194244
1.71010716014
0.607252515005
0.308968993607
0.520712720076
0.267610147891
0.963526851961
1.58618539364
2.7320095907
1.9762639844
0.638442645527
2.20702661369
1.01078519902
2.87433739864
6.58922148461
1.06143095909
0.228052795184
0.450795645884
4.11252253795
0.145949340357
8.75153315248
0.23543155306
0.144102515585
1.1129526232
3.87162137055
1.02482058441
0.858821088709
0.89543162473
1.31572435528
0.343322327831
1.69937754498
2.02019584664
0.518968591966
0.880906252495
0.954423298273
2.96485762557
0.472000928937
0.67305580924
5.7098671576
0.493671957668
1.62822652657
0.614732536602
1.06566905638
2.6977187157
1.83589105443
5.90142186585
5.10915740402
1.26774910545
0.117503580174
0.797816607222
2.31587544548
1.25607011284
2.53209784012
2.35903879244
0.806490591591
1.49607257032
4.36228790448
3.97109158624
0.914623091647
2.21790586608
5.88634576298
0.757279511115
2.60086031705
6.37680575311
0.598794917222
1.80114407887
0.956365563278
0.301991387992
5.92621429976
0.386573606918
2.72926415366
0.617133045676
4.30510595127
3.12881660101
5.28755218888
0.528116724211
6.48006686966
1.84823511646
0.906275552991
2.3354207427
4.61921499208
1.58098152508
3.74658732899
4.26125921538
1.12485446011
0.492656956011
1.85949648963
0.789666009433
8.07126653077
0.330640235468
0.959395349238
1.07542341331
4.08197338403
2.12935273469
1.30267323548
0.566812631325
1.41959252575
2.31881352256
1.44463094126
1.7721314775
2.69884230807
0.583617953508
3.97363754392
1.60799882355
1.37664237835
7.34056863329
1.65224616054
5.20674114999
1.06116467299
5.63487916269
1.9930464405
1.52355134662
5.7103423607
1.97329881713
1.62271021227
4.20741913709
7.17727546074
7.5728468396
3.14651753591
1.59333630269
3.55445455465
1.74077105185
1.04707456582
1.27235163256
2.17711429748
3.52621577475
4.60093834851
0.241005793255
3.13452976271
1.45583811994
5.84554431814
0.592727787264
1.23880246242
3.05917128268
5.53905527413
0.197221944727
2.1805015842
0.0071623219194
5.18967126523
2.7203370986
0.880400672742
1.2281904062
0.519519891506
1.8313778817
0.775422556456
1.51317720229
0.135209948987
2.99551229836
0.0231032523393
1.26386525508
1.23428873943
0.15346498887
1.91473691035
3.78736754612
0.029095218804
0.524545349374
2.1232798685
2.62491160014
1.33767713538
0.521215997867
1.35448069977
1.85850993611
1.54262785471
2.30582003502
7.95741066161
0.588382291001
0.521398333799
3.08954271447
0.26565339846
15.8875836343
0.137939206889
1.48585717118
3.53732721038
0.0754190938876
2.28547931108
0.449217604745
10.665751604
1.58145966389
0.589648191248
0.996491526418
0.80946342309
0.846022026542
2.40062719243
0.630910200563
2.19212544444
2.86598648925
0.341302663673
3.32036826986
1.05853350949
1.95562268762
1.95601590731
0.472399253295
1.69994747901
1.75908126404
3.28820417297
1.31090290375
2.69054279682
10.1010221955
0.945318516995
0.733946950535
0.827809295943
1.42258739437
0.434035100485
2.62546243982
0.142390522156
1.65146284065
6.18015514403
2.17571126196
1.0029068405
2.65281789125
0.56010478483
0.044261010162
0.0965179146881
0.670029734258
6.91121277631
1.19742561214
2.6771190885
0.354167773292
0.466658302438
0.261341932752
0.309728670104
0.141317094964
0.748340221982
1.24658228292
0.319873054241
6.965101863
0.201134717107
1.28445934907
8.84328960186
0.0252620978321
1.3916071122
0.038406061009
1.35991743045
3.81255057028
1.79307094007
3.01803289555
2.07876635387
4.8672100901
0.786995606939
0.949846025669
0.553464919507
1.74858972074
5.71877800349
1.76044864319
2.13055037343
5.10771584491
1.80431074567
1.42294728571
0.00348275810279
3.92722810132
7.7746276751
1.24775777716
1.19746262317
2.02651744309
2.09457701461
1.80275527544
0.565539080505
0.0575421962027
1.27305607028
0.341709908424
0.459436314211
3.72222588067
0.458002717834
1.85639534156
2.85462624422
2.23523139913
1.42980671225
2.23020920824
7.87312985102
6.51645044089
0.557665357994
1.37710583374
2.38960342627
1.18076015644
3.17039994263
2.07849206113
0.768998939101
1.92086187017
0.50814195373
1.28698373024
4.75417187972
3.7916911864
3.73944535968
0.939868964171
0.20788660637
0.049744526893
0.55307876416
2.03113099806
0.247674797139
0.227257295713
2.70720858193
2.91364527829
4.80448917585
2.14586854609
1.2660231199
1.90006545562
5.81472198292
1.68392644282
9.33757913349
2.61964983813
2.72323602028
7.87182133316
1.05926191864
0.12219440205
1.91559272025
2.82576053949
0.883339418262
0.665581226873
0.46153142764
0.478474933079
0.25023129792
7.84607002391
0.148777144146
2.81942849944
0.0692484775594
3.9819885513
2.0744686942
0.631538220093
1.47829175068
4.53980007543
0.121582118148
0.00243086063596
0.70906895317
2.60909906195
5.96500810892
0.0674448940415
5.00069092364
0.0385054752748
2.59164657692
2.94992225384
3.22057528458
0.794300924813
0.334118050027
0.0296865433292
5.74821459528
0.682752814489
1.37191531784
4.55398976694
0.180317941322
0.48821960744
4.5969869464
1.40503063074
1.27297773032
0.516217685857
0.103790806316
1.99796643043
0.303070687022
5.61189685319
2.92350883683
2.59156979624
0.996658043465
1.48050204184
1.03979280019
0.467920773242
3.38137136034
0.710438351256
1.88128915099
0.677535008467
0.0525577993893
3.34368794488
3.88534946778
0.748659682883
2.21252475528
0.651131773222
1.12013443602
4.97318913568
1.03848333479
7.78793416013
3.1490832392
0.161690815319
6.06443379475
0.356106108084
0.0690579946313
1.20079779251
0.347689407248
2.71669315454
1.15064126752
1.1525683654
0.0354979403329
0.122058760953
0.0996080551588
1.75333192015
0.319156872258
2.51227070812
1.78341094139
2.48675511172
2.14083311127
0.310201369155
1.85947666668
1.11632271402
0.729546129205
5.95902618258
3.79439532159
0.140885376214
2.14978638722
7.35738408194
0.420568330984
2.13982650806
0.270997870802
1.23903237479
1.38953522288
1.22923938078
2.20876560466
4.30295262782
9.12799650899
1.0861928371
3.00953891563
0.220662871763
2.10926622469
0.435467866221
0.196094931857
0.327982983924
2.60277194419
1.31611868636
0.942888236814
3.09210238653
1.17576414862
1.61036687074
0.448136387366
0.855984874324
2.01242752541
3.27127060089
0.214054931723
0.265101680736
2.67189627876
4.55272392892
0.732223426934
4.54238293901
0.884763362005
0.44271289987
1.65836113544
0.419908085453
4.35163750962
2.81935474888
0.174277176079
0.538038039383
0.436391214044
0.898665389143
3.69082073775
0.0649714988315
0.258737666295
0.937674204333
1.0308709387
0.359890326677
0.529138744398
0.168674412184
2.26165762713
0.112469414698
1.47627840058
7.96676018837
1.6752848966
5.73240489111
7.88675161743
0.00191499636756
7.31705202076
2.4206367941
0.0661950573892
0.233756527596
0.114194670969
0.58609195038
0.509457796547
2.03835858542
0.401905905264
0.596324047506
4.49209624163
0.0830880140408
0.845420285685
0.916762809142
4.81364904329
1.20138995731
2.51877911537
2.80081670023
0.908330051368
5.32723168084
3.79470386319
3.95628846719
1.40600300924
0.0174792452262
1.07390174705
2.17177013276
1.37243862758
5.08274517814
1.06520524409
0.995230229488
4.86028392566
1.08552914292
6.32924518898
0.232704757496
3.85876800407
0.613663560554
0.737551050258
1.83930160666
0.272774978025
0.0506596308508
2.31883081689
9.47957273725
1.37322438964
3.24870965984
0.735641462194
2.15735565046
1.7708061027
2.49297312661
2.74104515565
0.518088645988
0.121857039822
0.184643539689
2.92390150576
0.558604446997
0.47090051358
0.0421547791077
0.632759883919
5.76703185915
1.37620799016
7.28648689331
0.362593938856
1.6874874171
1.44069599291
2.10607362955
1.57940020077
5.05800498246
5.29568146449
2.7716695909
2.23033013584
1.46464166507
1.60082711352
0.496280901707
1.16550713212
0.434330472731
0.142259314389
1.34086439628
1.82194482713
1.7162599564
1.23864267856
1.74694896858
1.61635748789
1.38465373184
1.52531036405
0.225792479883
0.0341942583354
7.67172761401
1.48599166513
2.51650429148
1.02764457789
6.53620398543
10.995983561
0.849881918047
3.91732257941
2.08556345401
1.58223676978
1.7830075434
0.527943262646
0.516700722526
3.89230908866
4.46384308849
1.654966958
0.98412408846
2.69665423866
0.952026896713
2.85712952454
6.23589662167
4.34808961057
2.40930459412
0.670548847194
0.430117330326
0.113478875926
0.819393752938
3.43856845733
0.986892977318
8.2477313074
2.10856112507
5.9611922768
0.339815455376
0.240729875145
3.02840260714
0.186581584648
1.84590274387
3.44044718412
5.24706588003
1.71084481066
1.10406622423
6.97026973528
0.127348949857
1.27637088559
3.70724271578
0.183682802673
0.608270616021
11.8254605
9.91329023287
1.08479735543
1.45408695322
0.995315767858
2.23917734833
1.13035910889
6.03254824294
2.11465608848
2.7892988612
3.22595647307
9.51497490548
0.442345509453
1.27300266516
2.48454475294
1.23404492197
0.555671444307
0.40446495999
0.560986929314
0.255322283994
0.29786720676
1.31701265357
4.3746579504
5.49680938568
2.34325393991
2.80013470827
0.76744588143
3.27583735866
3.2752442434
1.57145847458
1.31430133132
1.30245751533
1.15232315049
1.76593737536
1.13872373489
0.312770637223
1.93946489013
5.74039690251
6.69137072007
4.09585508073
7.82072181252
1.35084867307
3.87686884852
0.928896852353
2.07200348062
3.48694016343
1.25610136181
0.317512767271
0.175743512524
3.54836353742
4.12158828612
5.39392994457
0.623940959048
0.441508813853
4.97487732132
1.07114342909
0.491336257781
1.71372652645
6.62577025285
0.183424247779
4.48335039762
1.02524126738
2.59102340364
6.33188145413
7.3886535442
8.27890423813
5.66402860885
0.995681373028
7.69531007521
0.211671828708
4.50815249456
3.70789192934
1.14080355364
2.07155194176
3.00855027004
2.91629057205
1.1783019393
11.1969120092
0.139221348374
1.0353762758
3.01075463778
5.2905799506
3.04302157596
0.221135628039
0.238128821352
3.22873942864
0.0751637041556
0.0320901953426
0.454157291998
3.96521934452
1.96694341944
5.22616603027
1.18024767368
2.06017050827
